type,size,cores,blockSize,time,energy,L1_DCM,L2_DCM,FP_INS,TOT_INS
Parallel,1024,16,64,44.460137,2.157359,14293416,295894,134217742,105383772,0
Parallel,2048,16,64,202.188064,7.531990,95256812,7526740,1073741826,688264614,0
Parallel,3072,16,64,774.648895,27.175383,331524844,41460268,3623878658,2321469976,0
Parallel,4096,16,64,3481.400173,121.023694,877175437,578219148,8589934594,5567174700,0
Parallel,5120,16,64,3735.982985,121.246629,1544408615,183841411,16777216002,10720924483,0
Parallel,6144,16,64,9714.743174,326.435237,2937309153,1413505972,28991029250,18328204446,0
Parallel,7168,16,64,9608.767644,286.719990,4113136734,372389254,46036680706,28452072401,0
Parallel,8192,16,64,30625.129621,930.512136,6609507709,5371839766,68719476738,43103532328,0
Sequential,1024,16,64,135.504975,1.988056,191094479,1097337,2147483650,1414124120,0
Sequential,2048,16,64,1091.892635,16.132543,1530242267,6882894,17179869186,11308837975,0
Sequential,3072,16,64,3679.733342,54.286743,5143177679,25377386,57982058498,38163024520,0
Sequential,4096,16,64,9011.287249,121.641017,12202981241,58245420,137438953474,90455452029,0
Sequential,5120,16,64,17291.859269,235.702807,23818033151,112526675,268435456002,176664914413,0
Sequential,6144,16,64,30612.261564,350.628825,41071791649,197648778,463856467970,305270207496,0
Sequential,7168,16,64,48430.211767,527.722266,65341893715,314436883,736586891266,484750124487,0
Sequential,8192,16,64,73438.013547,739.463407,97506759599,475105839,1099511627778,723583461791,0
Sequential,1024,16,128,117.052303,1.474152,167420750,2403892,2147483650,1276995962,0
Sequential,2048,16,128,977.704106,10.272402,1345965014,17866870,17179869186,10211828182,0
Sequential,3072,16,128,3308.262705,34.099677,4524860106,70629207,57982058498,34460633403,0
Sequential,4096,16,128,7898.288558,80.942790,10738281382,152237948,137438953474,81679433469,0
Sequential,5120,16,128,15260.046654,164.053192,20946261847,287718394,268435456002,159524276494,0
Sequential,6144,16,128,26657.792277,277.002261,36217056945,506341494,463856467970,275651211368,0
Sequential,7168,16,128,41376.450127,499.611599,57417396307,850348867,736586891266,437716284989,0
Sequential,8192,16,128,64475.226185,620.032038,85664011223,1408423549,1099511627778,653375550054,0
Sequential,1024,16,32,155.159238,1.696202,196537244,2925255,2147483650,1694817405,0
Sequential,2048,16,32,1312.589887,14.477156,1571477832,28753621,17179869186,13554324311,0
Sequential,3072,16,32,4559.512543,50.333976,5324753785,93085023,57982058498,45741474345,0
Sequential,4096,16,32,10848.653402,121.568374,12615297870,220892311,137438953474,108419106027,0
Sequential,5120,16,32,20884.750619,236.612871,24560527670,437713629,268435456002,211750084165,0
Sequential,6144,16,32,36330.464050,395.699965,42378814627,762265451,463856467970,365897274606,0
Sequential,7168,16,32,58143.986112,599.915158,67488192685,1198586251,736586891266,581023542419,0
Sequential,8192,16,32,89615.010014,851.030651,101229811416,1778836215,1099511627778,867291835865,0
Sequential,1024,16,256,135.380334,2.152568,151432752,63436467,2147483650,1209178964,0
Sequential,2048,16,256,1125.472421,16.045664,1214198469,515533155,17179869186,9669295673,0
Sequential,3072,16,256,4008.082862,45.790692,4095413328,1733943650,57982058498,32629590701,0
Sequential,4096,16,256,9852.837395,100.319565,9743823825,4049893145,137438953474,77339188021,0
Sequential,5120,16,256,18817.723755,193.410698,18933156701,7862375594,268435456002,151047233996,0
Sequential,6144,16,256,32890.703935,315.070071,32729866153,13585277439,463856467970,261002873991,0
Sequential,7168,16,256,52074.691573,491.289977,51913291924,21450582469,736586891266,414455274817,0
Sequential,8192,16,256,93198.016871,958.432155,79222417890,27459856037,1099511627778,618653596871,0
Parallel,1024,16,32,31.678428,1.860454,13672558,414270,134217742,109696291,0
Parallel,2048,16,32,237.517238,7.665421,108654432,2487789,1073741826,847572237,0
Parallel,3072,16,32,873.327370,25.228371,361677334,10436546,3623878658,2903493278,0
Parallel,4096,16,32,2089.436710,60.095006,863721248,17774913,8589934594,6774804330,0
Parallel,5120,16,32,4201.548129,117.715455,1622025667,50869929,16777216002,13201110077,0
Parallel,6144,16,32,7381.186935,199.989047,2907544118,65346252,28991029250,22804780134,0
Parallel,7168,16,32,11723.780009,313.156687,4496733420,128199425,46036680706,36500644320,0
Parallel,8192,16,32,17795.191632,460.754554,6887167663,164361321,68719476738,54035886506,0
Parallel,1024,16,64,22.613150,1.275843,13377346,187418,134217742,84886661,0
Parallel,2048,16,64,187.043650,5.904907,100463508,1319269,1073741826,666317903,0
Parallel,3072,16,64,675.588213,18.873810,334644527,6299579,3623878658,2251649458,0
Parallel,4096,16,64,1646.563194,45.009498,806823650,11651233,8589934594,5316036142,0
Parallel,5120,16,64,3257.050861,86.662068,1571423271,22229973,16777216002,10376204350,0
Parallel,6144,16,64,5690.901816,148.191189,2713697503,40096706,28991029250,17922187396,0
Parallel,7168,16,64,9157.723107,233.296743,4301270890,62231944,46036680706,28452193559,0
Parallel,8192,16,64,14030.856533,352.570619,6209556902,146616956,68719476738,42719683408,0
Parallel,1024,16,128,34.519024,1.596490,11967433,2597611,134217742,77758369,0
Parallel,2048,16,128,165.493528,5.541553,86407037,1305546,1073741826,584888701,0
Parallel,3072,16,128,737.779284,22.670519,303474815,58943656,3623878658,1976726083,0
Parallel,4096,16,128,1639.856979,46.201728,686591253,27548371,8589934594,4919242937,0
Parallel,5120,16,128,3355.299444,92.936478,1391634914,254274902,16777216002,9118205587,0
Parallel,6144,16,128,5164.982784,133.465113,2276314782,53043284,28991029250,16134003697,0
Parallel,7168,16,128,9230.186402,252.135154,3728017192,670549203,46036680706,24971244233,0
Parallel,8192,16,128,12981.654403,333.528192,5413649719,108718565,68719476738,37548531830,0
Parallel,1024,16,256,44.535531,1.500731,10889763,4124955,134217742,70066883,0
Parallel,2048,16,256,253.480078,7.764399,83237503,12965872,1073741826,561555826,0
Parallel,3072,16,256,898.630002,27.951267,284655689,110040095,3623878658,1866757684,0
Parallel,4096,16,256,1885.245789,52.802902,679218011,159057843,8589934594,4414844018,0
Parallel,5120,16,256,4519.073011,132.745180,1291355704,493905451,16777216002,9189016322,0
Parallel,6144,16,256,6671.795820,185.712213,2230902715,344830268,28991029250,14814742482,0
Parallel,7168,16,256,11921.889653,331.883700,3558622406,529590760,46036680706,24298852680,0
Parallel,8192,16,256,16186.008088,408.944581,5415260324,1227992823,68719476738,35437150250,0
Parallel,1024,16,512,214.808041,6.552029,56832991,27747846,268435470,146205489,0
Parallel,2048,16,512,244.762390,7.176615,78275175,17714222,1073741826,537315161,0
Parallel,3072,16,512,4340.248791,111.207597,284829157,86153418,3758096386,1842097731,0
Parallel,4096,16,512,1839.293535,49.920972,626921698,94105514,8589934594,4256225849,0
Parallel,5120,16,512,16139.025412,410.774320,1279563590,549993980,16911433730,9575404581,0
Parallel,6144,16,512,12908.957390,335.035897,2133736038,722173652,28991029250,14835028257,0
Parallel,7168,16,512,85287.766360,1897.869564,3477466426,1070657666,46170898434,22819816433,0
Parallel,8192,16,512,16945.216217,410.388826,4971503130,935260965,68719476738,34473308818,0
Parallel,1024,16,128,28.578216,1.670888,12727420,1102363,134217742,83508875,0
Parallel,2048,16,128,161.052290,5.319274,84895110,1366651,1073741826,585247302,0
Parallel,3072,16,128,658.108130,19.444566,290330920,15519403,3623878658,2047655460,0
Parallel,4096,16,128,1529.235213,43.195444,685415102,22526164,8589934594,4844496086,0
Parallel,5120,16,128,3128.901248,86.467162,1344247867,117431049,16777216002,9386555225,0
Parallel,6144,16,128,5350.344254,147.128118,2289698287,55492173,28991029250,16193212416,0
Parallel,7168,16,128,8943.730670,244.864474,3624530579,58588566,46036680706,25313903757,0
Parallel,8192,16,128,14726.715017,378.916638,5871015115,146646938,68719476738,38039025765,0
Parallel,1024,16,128,27.703959,1.608285,12436521,1170441,134217742,82615121,0
Parallel,2048,16,128,171.190136,5.131326,85078872,1463463,1073741826,593628280,0
Parallel,3072,16,128,695.816471,19.573313,295314370,39826153,3623878658,2012439569,0
Parallel,4096,16,128,1588.871695,42.244886,683959665,20017499,8589934594,4886747994,0
Parallel,5120,16,128,3402.333972,93.062875,1383481177,256097955,16777216002,9123560661,0
Parallel,6144,16,128,5517.994926,145.884850,2304702672,133032288,28991029250,16116630231,0
Parallel,7168,16,128,9481.813836,255.171511,3636685138,89774402,46036680706,25365026482,0
Parallel,8192,16,128,14100.235683,346.117645,5823597028,120262995,68719476738,37638676657,0
Parallel,1024,16,128,63.875943,1.374960,11798308,2304856,134217742,95923806,0
Parallel,2048,16,128,174.547640,5.334212,86502126,2666167,1073741826,590894711,0
Parallel,3072,16,128,711.916058,20.336763,302723454,56590153,3623878658,1968557562,0
Parallel,4096,16,128,1538.811916,39.707877,683327374,19355211,8589934594,4787009686,0
Parallel,5120,16,128,3343.550567,86.786833,1327145403,26886446,16777216002,9483551075,0
Parallel,6144,16,128,5497.654078,142.046579,2357959278,402181870,28991029250,15712974061,0
Parallel,7168,16,128,9264.160016,240.304727,3636488383,56386823,46036680706,25552776651,0
Parallel,8192,16,128,14729.788757,366.733781,6016939269,913464987,68719476738,38035565161,0
Parallel,1024,16,128,28.903745,1.419253,12489632,192513,134217742,82002537,0
Parallel,2048,16,128,170.169163,5.550250,86335535,4193182,1073741826,584086375,0
Parallel,3072,16,128,686.667707,19.744676,296058730,41551842,3623878658,2003898005,0
Parallel,4096,16,128,1592.640486,42.334832,684363338,19189416,8589934594,4899763506,0
Parallel,5120,16,128,3288.909711,89.187420,1319421733,23328423,16777216002,9676444206,0
Parallel,6144,16,128,5667.990259,150.280589,2284696410,35479982,28991029250,16539085057,0
Parallel,7168,16,128,8709.292433,225.488476,3648992148,607881430,46036680706,25166361119,0
Parallel,8192,16,128,14467.505517,359.661683,5948877547,1322887660,68719476738,37379762885,0
Parallel,1024,16,128,32.973146,1.339729,12245930,258025,134217742,84664598,0
Parallel,2048,16,128,167.841829,5.243076,85151450,1056689,1073741826,588366065,0
Parallel,3072,16,128,706.018737,19.757447,295553341,43355124,3623878658,1991270837,0
Parallel,4096,16,128,1597.493543,41.204901,684761296,21709096,8589934594,4854472019,0
Parallel,5120,16,128,3304.625457,86.652577,1347584239,243217700,16777216002,9164735394,0
Parallel,6144,16,128,5417.260097,137.711597,2332093885,313986796,28991029250,15832480432,0
Parallel,7168,16,128,9514.767271,248.360645,3786818649,671063353,46036680706,24926625364,0
Parallel,8192,16,128,14070.397079,340.862377,5904216433,380646530,68719476738,37776264723,0
Parallel,1024,16,128,29.390014,1.369665,12372041,204366,134217742,81705820,0
Parallel,2048,16,128,170.195331,5.347029,86247417,1000265,1073741826,589746414,0
Parallel,3072,16,128,698.719824,19.706012,297114674,43860746,3623878658,1998526780,0
Parallel,4096,16,128,1678.710776,43.863149,688972711,25700579,8589934594,4918412160,0
Parallel,5120,16,128,3132.440901,79.830329,1316659809,15323203,16777216002,9435124171,0
Parallel,6144,16,128,5308.626160,130.417831,2277516907,39000391,28991029250,16100316445,0
Parallel,7168,16,128,9328.697570,238.864371,3709534797,671085087,46036680706,25067604523,0
Parallel,8192,16,128,14868.828329,365.804950,5946829605,1412376612,68719476738,37779238554,0
Parallel,1024,16,128,65.086936,1.330543,11746654,2447263,134217742,94171689,0
Parallel,2048,16,128,180.488822,5.283724,85571527,3532216,1073741826,601439016,0
Parallel,3072,16,128,727.026557,20.123212,302650963,57005626,3623878658,1975596007,0
Parallel,4096,16,128,1657.221964,41.965725,687186292,28546381,8589934594,4885158761,0
Parallel,5120,16,128,3340.718313,84.964844,1324580904,32273936,16777216002,9518974725,0
Parallel,6144,16,128,5276.359707,126.670009,2274931090,32418404,28991029250,16019943264,0
Parallel,7168,16,128,9664.931907,245.693623,3615305783,53861137,46036680706,25216812858,0
Parallel,8192,16,128,14457.864210,348.832058,5998990017,902001063,68719476738,37226200773,0
Parallel,1024,16,128,27.674979,1.526441,12315050,2163417,134217742,75208513,0
Parallel,2048,16,128,172.846936,4.900427,84805178,1286385,1073741826,593848659,0
Parallel,3072,16,128,696.530321,18.833606,301006554,57169927,3623878658,1966988564,0
Parallel,4096,16,128,1589.444766,40.235056,684802331,24977963,8589934594,4843967284,0
Parallel,5120,16,128,3372.545425,86.878441,1377000999,239543725,16777216002,9309553832,0
Parallel,6144,16,128,5271.262553,127.989642,2272627514,46864684,28991029250,16077947477,0
Parallel,7168,16,128,8970.622095,224.954553,3604035376,59762278,46036680706,25226761635,0
Parallel,8192,16,128,14307.654623,329.496632,5812469154,114005642,68719476738,38104823413,0
Parallel,1024,16,128,27.427682,1.496474,12218285,2090439,134217742,74623052,0
Parallel,2048,16,128,192.557621,5.859652,87918251,9967468,1073741826,596637637,0
Parallel,3072,16,128,689.128539,18.654614,296685472,52339442,3623878658,1972009344,0
Parallel,4096,16,128,1560.839667,40.185971,686074308,27331635,8589934594,4785505608,0
Parallel,5120,16,128,3478.212474,91.610543,1327845864,30273439,16777216002,9583946058,0
Parallel,6144,16,128,5396.353892,134.529695,2284419083,41333875,28991029250,16055471607,0
Parallel,7168,16,128,10329.064383,273.449955,3802918549,777389451,46036680706,25324276063,0
Parallel,8192,16,128,15109.124153,367.739131,5879983749,152087312,68719476738,37921360911,0
Parallel,1024,16,128,69.699242,1.331764,11850149,2479770,134217742,95647421,0
Parallel,2048,16,128,173.633524,5.211813,85706807,1396332,1073741826,595474322,0
Parallel,3072,16,128,732.796987,20.540701,305649927,57866131,3623878658,1966988592,0
Parallel,4096,16,128,1594.817612,41.163902,696489474,74854271,8589934594,4686872313,0
Parallel,5120,16,128,3224.062358,82.887834,1323103910,16093047,16777216002,9453953535,0
Parallel,6144,16,128,5490.240166,134.994255,2283837921,45977133,28991029250,16392196774,0
Parallel,7168,16,128,8702.392852,215.128248,3607221151,51149907,46036680706,25328214194,0
Parallel,8192,16,128,14700.539214,355.977746,5855077809,137217886,68719476738,37518486867,0
Parallel,1024,16,128,36.514421,1.446840,11928180,2368850,134217742,77140535,0
Parallel,2048,16,128,168.418722,5.264895,85248686,1121204,1073741826,590148325,0
Parallel,3072,16,128,721.029324,20.145183,299750038,56097840,3623878658,1978401985,0
Parallel,4096,16,128,1563.653453,39.759846,688814270,39969008,8589934594,4746734079,0
Parallel,5120,16,128,3413.796650,88.733296,1334909111,76483351,16777216002,9574900286,0
Parallel,6144,16,128,5365.666110,132.269542,2277459837,31327884,28991029250,16175158152,0
Parallel,7168,16,128,9990.547168,264.631532,3759609753,720349783,46036680706,24972284731,0
Parallel,8192,16,128,14500.756801,348.791120,5820416960,122614742,68719476738,38457667808,0
Parallel,1024,16,128,27.598114,1.543362,12703333,910472,134217742,80024793,0
Parallel,2048,16,128,188.500180,5.562319,86562253,2951985,1073741826,604937926,0
Parallel,3072,16,128,709.131435,19.175278,295366603,39504130,3623878658,2008343504,0
Parallel,4096,16,128,1630.926732,42.191330,686003048,27948703,8589934594,4851161919,0
Parallel,5120,16,128,3600.769861,97.116865,1383972193,251942071,16777216002,9274787271,0
Parallel,6144,16,128,5346.046831,131.943021,2275802348,30975914,28991029250,16102126909,0
Parallel,7168,16,128,9762.709576,254.414882,3713195792,670309691,46036680706,25030831314,0
Parallel,8192,16,128,14205.523003,358.800170,5466192629,122517422,68719476738,37896457661,0
Parallel,1024,16,128,40.607958,1.310891,12340155,171188,134217742,87461108,0
Parallel,2048,16,128,169.621003,5.511037,86158262,1377685,1073741826,590272624,0
Parallel,3072,16,128,723.693841,20.846395,297446620,44827720,3623878658,2031368021,0
Parallel,4096,16,128,1606.671208,42.844983,701338545,110686832,8589934594,4671241145,0
Parallel,5120,16,128,3408.159769,92.740367,1378272447,227763394,16777216002,9306857138,0
Parallel,6144,16,128,5262.113908,129.625697,2272000504,43854220,28991029250,16027594886,0
Parallel,7168,16,128,8797.221808,225.241892,3689804791,441906678,46036680706,25322926438,0
Parallel,8192,16,128,13143.661426,323.718747,5414624036,164239569,68719476738,37514096787,0
Parallel,1024,12,128,73.095169,1.564753,11279140,1854817,134217742,94477166,0
Parallel,1024,12,128,50.438446,1.505507,12203942,2084757,134217742,93523911,0
Parallel,2048,12,128,224.419996,7.385406,86221122,9806833,1073741826,584087603,0
Parallel,1024,12,128,42.936063,1.366659,11727181,2217945,134217742,75484876,0
Parallel,1024,12,128,44.702768,2.460902,13243908,2352404,134217742,110418883,0
Parallel,2048,12,128,183.428465,6.953635,87216155,4975089,1073741826,603080003,0
Sequential,1024,16,64,157.730486,3.954035,191486377,1352733,2147483650,1414124146,0
Sequential,2048,16,64,1278.359359,28.520040,1530479003,8292043,17179869186,11308838273,0
Parallel,1024,8,128,34.198226,2.034121,16362782,378569,180355086,147342568,0
Parallel,2048,8,128,230.717835,7.843284,111847952,19112083,1434451970,781489376,0
Parallel,1024,12,128,44.825560,2.672240,12600762,2173598,134217742,105948522,0
Parallel,2048,12,128,191.689656,7.010562,81454694,10907505,1073741826,604840262,0
Parallel,1024,8,128,54.646230,1.653784,10825435,240637,134217742,137790631,0
Parallel,2048,8,128,256.125692,8.021267,82136239,9473543,1073741826,662859134,0
